/TITLE Model: BEAM
/COM Finite Element Mesh - PTC - ANSYS 12.0 - BEAM
/PREP7
/NOPR
MP,EX,1,1.119657e+10
MP,ALPX,1,6.500000e-06
MP,NUXY,1,2.700000e-01
MP,DENS,1,2.827713e-01
MP,KXX,1,2.074068e+03
MP,C,1,4.076000e+05
LOCAL,11,0,0.000000,0.000000,0.000000,0.000000,0.000000,0.000000
LOCAL,12,0,0.000000,0.000000,0.000000,0.000000,0.000000,0.000000
LOCAL,13,0,0.000000,0.000000,0.000000,0.000000,0.000000,0.000000
CSYS,11
ET,1,92
N,1,0.000000,0.000000,0.000000
N,2,0.000000,12.000000,0.000000
N,3,0.000000,12.000000,12.000000
N,4,0.000000,0.000000,12.000000
N,5,0.000000,4.000000,0.000000
N,6,0.000000,8.000000,0.000000
N,7,0.000000,12.000000,4.000000
N,8,0.000000,12.000000,8.000000
N,9,0.000000,8.000000,12.000000
N,10,0.000000,4.000000,12.000000
N,11,0.000000,0.000000,8.000000
N,12,0.000000,0.000000,4.000000
N,13,0.000000,4.455784,4.454392
N,14,0.000000,5.754280,8.619845
N,15,0.000000,8.592834,5.736585
N,16,0.000000,9.269423,9.271286
N,17,72.000000,0.000000,0.000000
N,18,72.000000,12.000000,0.000000
N,19,72.000000,0.000000,12.000000
N,20,72.000000,12.000000,12.000000
N,21,72.000000,4.000000,0.000000
N,22,72.000000,8.000000,0.000000
N,23,72.000000,0.000000,8.000000
N,24,72.000000,0.000000,4.000000
N,25,72.000000,8.000000,12.000000
N,26,72.000000,4.000000,12.000000
N,27,72.000000,12.000000,4.000000
N,28,72.000000,12.000000,8.000000
N,29,72.000000,4.455784,4.454392
N,30,72.000000,5.754280,8.619845
N,31,72.000000,8.592834,5.736585
N,32,72.000000,9.269423,9.271286
N,33,4.000000,0.000000,0.000000
N,34,8.000000,0.000000,0.000000
N,35,12.000000,0.000000,0.000000
N,36,16.000000,0.000000,0.000000
N,37,20.000000,0.000000,0.000000
N,38,24.000000,0.000000,0.000000
N,39,28.000000,0.000000,0.000000
N,40,32.000000,0.000000,0.000000
N,41,36.000000,0.000000,0.000000
N,42,40.000000,0.000000,0.000000
N,43,44.000000,0.000000,0.000000
N,44,48.000000,0.000000,0.000000
N,45,52.000000,0.000000,0.000000
N,46,56.000000,0.000000,0.000000
N,47,60.000000,0.000000,0.000000
N,48,64.000000,0.000000,0.000000
N,49,68.000000,0.000000,0.000000
N,50,4.000000,12.000000,0.000000
N,51,8.000000,12.000000,0.000000
N,52,12.000000,12.000000,0.000000
N,53,16.000000,12.000000,0.000000
N,54,20.000000,12.000000,0.000000
N,55,24.000000,12.000000,0.000000
N,56,28.000000,12.000000,0.000000
N,57,32.000000,12.000000,0.000000
N,58,36.000000,12.000000,0.000000
N,59,40.000000,12.000000,0.000000
N,60,44.000000,12.000000,0.000000
N,61,48.000000,12.000000,0.000000
N,62,52.000000,12.000000,0.000000
N,63,56.000000,12.000000,0.000000
N,64,60.000000,12.000000,0.000000
N,65,64.000000,12.000000,0.000000
N,66,68.000000,12.000000,0.000000
N,67,3.049451,5.250210,0.000000
N,68,6.556092,4.709718,0.000000
N,69,10.658855,4.543527,0.000000
N,70,4.390639,8.968827,0.000000
N,71,9.174490,8.513927,0.000000
N,72,13.326548,8.442445,0.000000
N,73,14.669800,4.448876,0.000000
N,74,18.657546,4.483828,0.000000
N,75,22.646469,4.490629,0.000000
N,76,26.696491,4.488290,0.000000
N,77,17.318566,8.350601,0.000000
N,78,21.311689,8.342829,0.000000
N,79,25.352148,8.360998,0.000000
N,80,29.362886,8.406248,0.000000
N,81,30.682594,4.432849,0.000000
N,82,34.660222,4.480352,0.000000
N,83,38.647005,4.489883,0.000000
N,84,42.696596,4.488132,0.000000
N,85,33.327278,8.341183,0.000000
N,86,37.313689,8.340529,0.000000
N,87,41.352590,8.360458,0.000000
N,88,45.362978,8.406129,0.000000
N,89,46.682627,4.432801,0.000000
N,90,50.660228,4.480342,0.000000
N,91,54.647006,4.489881,0.000000
N,92,58.696596,4.488131,0.000000
N,93,49.327300,8.341153,0.000000
N,94,53.313694,8.340522,0.000000
N,95,57.352591,8.360457,0.000000
N,96,61.383902,8.411509,0.000000
N,97,62.832586,4.471357,0.000000
N,98,67.606162,4.916368,0.000000
N,99,65.467609,8.497489,0.000000
N,100,69.014754,9.082771,0.000000
N,101,4.000000,12.000000,12.000000
N,102,8.000000,12.000000,12.000000
N,103,12.000000,12.000000,12.000000
N,104,16.000000,12.000000,12.000000
N,105,20.000000,12.000000,12.000000
N,106,24.000000,12.000000,12.000000
N,107,28.000000,12.000000,12.000000
N,108,32.000000,12.000000,12.000000
N,109,36.000000,12.000000,12.000000
N,110,40.000000,12.000000,12.000000
N,111,44.000000,12.000000,12.000000
N,112,48.000000,12.000000,12.000000
N,113,52.000000,12.000000,12.000000
N,114,56.000000,12.000000,12.000000
N,115,60.000000,12.000000,12.000000
N,116,64.000000,12.000000,12.000000
N,117,68.000000,12.000000,12.000000
N,118,3.049451,12.000000,5.250210
N,119,6.556092,12.000000,4.709718
N,120,10.658855,12.000000,4.543527
N,121,4.390639,12.000000,8.968827
N,122,9.174490,12.000000,8.513927
N,123,13.326548,12.000000,8.442445
N,124,14.669800,12.000000,4.448876
N,125,18.657546,12.000000,4.483828
N,126,22.646469,12.000000,4.490629
N,127,26.696491,12.000000,4.488290
N,128,17.318566,12.000000,8.350601
N,129,21.311689,12.000000,8.342829
N,130,25.352148,12.000000,8.360998
N,131,29.362886,12.000000,8.406248
N,132,30.682594,12.000000,4.432849
N,133,34.660222,12.000000,4.480352
N,134,38.647005,12.000000,4.489883
N,135,42.696596,12.000000,4.488132
N,136,33.327278,12.000000,8.341183
N,137,37.313689,12.000000,8.340529
N,138,41.352590,12.000000,8.360458
N,139,45.362978,12.000000,8.406129
N,140,46.682627,12.000000,4.432801
N,141,50.660228,12.000000,4.480342
N,142,54.647006,12.000000,4.489881
N,143,58.696596,12.000000,4.488131
N,144,49.327300,12.000000,8.341153
N,145,53.313694,12.000000,8.340522
N,146,57.352591,12.000000,8.360457
N,147,61.383902,12.000000,8.411509
N,148,62.832586,12.000000,4.471357
N,149,67.606162,12.000000,4.916368
N,150,65.467609,12.000000,8.497489
N,151,69.014754,12.000000,9.082771
N,152,4.000000,0.000000,12.000000
N,153,8.000000,0.000000,12.000000
N,154,12.000000,0.000000,12.000000
N,155,16.000000,0.000000,12.000000
N,156,20.000000,0.000000,12.000000
N,157,24.000000,0.000000,12.000000
N,158,28.000000,0.000000,12.000000
N,159,32.000000,0.000000,12.000000
N,160,36.000000,0.000000,12.000000
N,161,40.000000,0.000000,12.000000
N,162,44.000000,0.000000,12.000000
N,163,48.000000,0.000000,12.000000
N,164,52.000000,0.000000,12.000000
N,165,56.000000,0.000000,12.000000
N,166,60.000000,0.000000,12.000000
N,167,64.000000,0.000000,12.000000
N,168,68.000000,0.000000,12.000000
N,169,3.049451,6.749790,12.000000
N,170,6.556092,7.290282,12.000000
N,171,10.658855,7.456473,12.000000
N,172,4.390639,3.031173,12.000000
N,173,9.174490,3.486073,12.000000
N,174,13.326548,3.557555,12.000000
N,175,14.669800,7.551124,12.000000
N,176,18.657546,7.516172,12.000000
N,177,22.646469,7.509371,12.000000
N,178,26.696491,7.511710,12.000000
N,179,17.318566,3.649399,12.000000
N,180,21.311689,3.657171,12.000000
N,181,25.352148,3.639002,12.000000
N,182,29.362886,3.593752,12.000000
N,183,30.682594,7.567151,12.000000
N,184,34.660222,7.519648,12.000000
N,185,38.647005,7.510117,12.000000
N,186,42.696596,7.511868,12.000000
N,187,33.327278,3.658817,12.000000
N,188,37.313689,3.659471,12.000000
N,189,41.352590,3.639542,12.000000
N,190,45.362978,3.593871,12.000000
N,191,46.682627,7.567199,12.000000
N,192,50.660228,7.519658,12.000000
N,193,54.647006,7.510119,12.000000
N,194,58.696596,7.511869,12.000000
N,195,49.327300,3.658847,12.000000
N,196,53.313694,3.659478,12.000000
N,197,57.352591,3.639543,12.000000
N,198,61.383902,3.588491,12.000000
N,199,62.832586,7.528643,12.000000
N,200,67.606162,7.083632,12.000000
N,201,65.467609,3.502511,12.000000
N,202,69.014754,2.917229,12.000000
N,203,3.049451,0.000000,6.749790
N,204,6.556092,0.000000,7.290282
N,205,10.658855,0.000000,7.456473
N,206,4.390639,0.000000,3.031173
N,207,9.174490,0.000000,3.486073
N,208,13.326548,0.000000,3.557555
N,209,14.669800,0.000000,7.551124
N,210,18.657546,0.000000,7.516172
N,211,22.646469,0.000000,7.509371
N,212,26.696491,0.000000,7.511710
N,213,17.318566,0.000000,3.649399
N,214,21.311689,0.000000,3.657171
N,215,25.352148,0.000000,3.639002
N,216,29.362886,0.000000,3.593752
N,217,30.682594,0.000000,7.567151
N,218,34.660222,0.000000,7.519648
N,219,38.647005,0.000000,7.510117
N,220,42.696596,0.000000,7.511868
N,221,33.327278,0.000000,3.658817
N,222,37.313689,0.000000,3.659471
N,223,41.352590,0.000000,3.639542
N,224,45.362978,0.000000,3.593871
N,225,46.682627,0.000000,7.567199
N,226,50.660228,0.000000,7.519658
N,227,54.647006,0.000000,7.510119
N,228,58.696596,0.000000,7.511869
N,229,49.327300,0.000000,3.658847
N,230,53.313694,0.000000,3.659478
N,231,57.352591,0.000000,3.639543
N,232,61.383902,0.000000,3.588491
N,233,62.832586,0.000000,7.528643
N,234,67.606162,0.000000,7.083632
N,235,65.467609,0.000000,3.502511
N,236,69.014754,0.000000,2.917229
N,237,65.391327,7.059926,3.660304
N,238,61.383907,4.000000,5.196166
N,239,65.467606,5.167502,8.000000
N,240,61.383907,8.000000,6.803843
N,241,62.433136,4.498137,8.311296
N,242,65.467606,2.562747,5.732975
N,243,41.352585,4.000000,5.213181
N,244,59.350815,3.818215,8.627501
N,245,64.662041,8.019646,9.262486
N,246,8.720270,2.720781,8.217618
N,247,6.014758,5.349229,8.887225
N,248,11.988773,7.732400,8.746415
N,249,11.999885,4.012109,6.450905
N,250,8.042802,7.833117,5.689281
N,251,5.355138,4.046294,5.850110
N,252,8.528684,4.117336,4.296764
N,253,39.995792,2.892425,8.459544
N,254,41.352585,5.802046,9.414602
N,255,37.313686,5.219822,8.000000
N,256,44.487381,3.887532,8.059421
N,257,59.605721,7.940333,4.183780
N,258,32.001156,9.102431,3.513354
N,259,37.313686,9.411306,6.187913
N,260,37.313686,6.780173,4.000000
N,261,33.327282,8.000000,6.780392
N,262,29.362886,8.626609,8.204772
N,263,29.362886,6.802086,4.000000
N,264,33.327282,6.188241,2.588584
N,265,19.554075,4.053418,7.795408
N,266,21.311689,4.000000,5.219058
N,267,17.318563,4.000000,5.216463
N,268,66.664879,8.433762,6.466445
N,269,68.746315,7.171220,8.759297
N,270,32.001156,2.897569,8.486646
N,271,29.362886,3.373391,3.795223
N,272,29.362886,5.197918,8.000000
N,273,33.327282,4.000000,5.219604
N,274,33.327282,5.811759,9.411416
N,275,49.327301,8.637369,8.171962
N,276,68.975006,6.435701,2.827783
N,277,69.997795,8.993239,2.654514
N,278,67.289528,3.323120,3.443855
N,279,4.708391,2.886986,2.930366
N,280,5.421296,6.583494,2.736658
N,281,35.982407,3.537766,2.896090
N,282,37.313686,2.588693,5.812092
N,283,35.982407,8.462238,9.103915
N,284,41.352585,8.000000,6.786819
N,285,5.244476,8.789368,8.919853
N,286,3.673186,8.241980,5.715459
N,287,49.327301,5.219617,8.000000
N,288,64.159607,3.510163,2.887182
N,289,53.313690,8.000000,6.780173
N,290,45.362972,8.000000,6.802050
N,291,49.327301,3.362635,3.828038
N,292,45.362972,4.000000,5.197959
N,293,49.327301,6.780392,4.000000
N,294,1.938355,7.101102,3.009742
N,295,53.313690,4.000000,5.219827
N,296,1.982026,2.839063,7.723479
N,297,25.352150,8.000000,6.787001
N,298,68.675049,4.818046,6.259087
N,299,11.231177,8.270411,2.618117
N,300,13.347492,4.232563,3.194892
N,301,21.311689,8.000000,6.780947
N,302,55.315884,8.171717,3.364410
N,303,57.352589,4.000000,5.213181
N,304,13.476894,7.886930,5.380241
N,305,17.318563,8.000000,6.783533
N,306,15.565598,4.058343,7.821500
N,307,25.352150,4.000000,5.212999
N,308,15.393166,7.899411,2.926738
N,309,23.560911,4.055648,7.797193
N,310,23.560911,7.944356,4.202803
N,311,57.352589,8.000000,6.786819
N,312,55.315884,3.828284,8.635594
N,313,19.331135,8.172791,3.364574
N,314,43.342224,8.181630,3.374643
CSYS,12
NROTAT,1
NROTAT,2
NROTAT,3
NROTAT,4
NROTAT,5
NROTAT,6
NROTAT,7
NROTAT,8
NROTAT,9
NROTAT,10
NROTAT,11
NROTAT,12
NROTAT,13
NROTAT,14
NROTAT,15
NROTAT,16
SHPP,OFF
TYPE,1
MAT,1
EN,1,237,238,239,240
EN,2,239,238,233,241
EN,3,242,239,238,233
EN,4,243,223,83,84
EN,5,233,198,201,241
EN,6,241,244,194,240
EN,7,241,194,244,198
EN,8,201,199,245,241
EN,9,246,247,173,248
EN,10,174,246,248,249
EN,11,246,153,154,173
EN,12,246,250,251,247
EN,13,252,246,250,251
EN,14,246,247,251,204
EN,15,246,207,249,205
EN,16,158,181,212,157
EN,17,253,188,254,255
EN,18,253,254,256,243
EN,19,253,219,161,188
EN,20,253,254,189,256
EN,21,257,64,95,143
EN,22,253,161,219,220
EN,23,57,133,258,58
EN,24,258,58,85,57
EN,25,259,133,260,261
EN,26,158,212,182,217
EN,27,258,262,263,261
EN,28,258,132,262,261
EN,29,264,260,86,258
EN,30,265,266,210,267
EN,31,241,199,245,240
EN,32,241,245,239,240
EN,33,245,147,240,199
EN,34,245,239,268,269
EN,35,200,199,245,201
EN,36,245,201,239,200
EN,37,245,199,116,147
EN,38,245,116,117,150
EN,39,270,271,272,273
EN,40,270,217,271,273
EN,41,270,182,274,272
EN,42,270,182,217,159
EN,43,270,160,187,159
EN,44,275,144,145,141
EN,45,274,255,188,270
EN,46,37,75,214,38
EN,47,276,268,277,237
EN,48,276,278,21,29
EN,49,276,277,22,100
EN,50,276,237,99,98
EN,51,276,277,100,99
EN,52,207,279,251,252
EN,53,279,34,252,207
EN,54,33,279,12,206
EN,55,279,206,33,34
EN,56,251,246,204,207
EN,57,279,252,280,251
EN,58,281,42,222,41
EN,59,281,221,282,273
EN,60,281,282,243,260
EN,61,273,82,260,281
EN,62,264,273,82,260
EN,63,283,274,261,255
EN,64,283,184,274,255
EN,65,259,284,138,283
EN,66,283,110,137,109
EN,67,283,109,137,136
EN,68,283,259,261,136
EN,69,285,122,250,119
EN,70,285,247,250,248
EN,71,285,170,102,101
EN,72,285,286,119,250
EN,73,285,286,14,16
EN,74,285,169,101,16
EN,75,285,286,247,14
EN,76,287,195,226,196
EN,77,238,97,237,288
EN,78,257,238,97,237
EN,79,288,278,98,237
EN,80,288,97,48,232
EN,81,288,232,242,238
EN,82,275,192,113,112
EN,83,275,192,145,113
EN,84,275,112,144,139
EN,85,275,289,141,145
EN,86,275,290,139,140
EN,87,291,287,292,225
EN,88,275,293,140,141
EN,89,286,118,8,121
EN,90,286,119,280,70
EN,91,285,119,286,121
EN,92,286,247,251,250
EN,93,286,70,294,118
EN,94,291,44,45,229
EN,95,96,148,99,65
EN,96,291,230,229,45
EN,97,291,224,44,229
EN,98,291,295,226,230
EN,99,291,292,224,225
EN,100,291,226,287,225
EN,101,258,264,260,261
EN,102,258,264,261,263
EN,103,264,86,260,82
EN,104,86,258,85,264
EN,105,264,271,273,263
EN,106,264,81,271,263
EN,107,215,76,39,38
EN,108,258,85,264,80
EN,109,264,81,263,80
EN,110,264,273,271,82
EN,111,270,255,188,218
EN,112,270,274,273,272
EN,113,188,270,187,274
EN,114,274,255,184,188
EN,115,274,136,283,261
EN,116,274,272,262,261
EN,117,274,272,182,183
EN,118,270,187,274,182
EN,119,274,136,262,183
EN,120,5,6,13,67
EN,121,6,13,67,294
EN,122,294,70,280,67
EN,123,286,118,294,15
EN,124,294,6,7,70
EN,125,286,294,280,251
EN,126,286,294,13,15
EN,127,13,286,14,296
EN,128,247,14,296,169
EN,129,246,154,205,174
EN,130,252,246,207,249
EN,131,246,153,173,172
EN,132,246,204,153,172
EN,133,247,296,204,172
EN,134,285,248,122,171
EN,135,246,248,249,250
EN,136,171,247,285,248
EN,137,247,248,171,173
EN,138,296,169,14,10
EN,139,152,296,204,203
EN,140,247,169,296,172
EN,141,204,251,279,296
EN,142,297,127,126,130
EN,143,296,279,206,12
EN,144,296,203,11,12
EN,145,203,296,204,206
EN,146,279,296,251,13
EN,147,245,240,268,239
EN,148,268,269,31,151
EN,149,245,269,200,239
EN,150,268,269,239,298
EN,151,268,240,148,237
EN,152,268,151,245,269
EN,153,268,149,237,148
EN,154,252,280,71,68
EN,155,252,207,34,69
EN,156,252,299,249,300
EN,157,252,207,300,249
EN,158,25,269,30,200
EN,159,269,298,202,239
EN,160,269,298,31,30
EN,161,269,25,30,32
EN,162,245,150,117,151
EN,163,265,177,301,176
EN,164,302,303,92,257
EN,165,302,91,303,295
EN,166,302,92,303,91
EN,167,302,289,142,141
EN,168,302,95,94,63
EN,169,248,103,122,171
EN,170,248,304,123,305
EN,171,248,103,175,123
EN,172,248,304,305,306
EN,173,248,174,249,306
EN,174,173,174,246,248
EN,175,288,242,278,237
EN,176,276,278,237,98
EN,177,278,49,236,235
EN,178,278,242,235,234
EN,179,276,278,29,298
EN,180,275,112,113,144
EN,181,276,21,278,98
EN,182,278,242,234,298
EN,183,271,272,212,217
EN,184,271,273,217,221
EN,185,40,271,39,216
EN,186,271,216,40,221
EN,187,271,307,215,212
EN,188,271,39,216,215
EN,189,275,113,145,144
EN,190,308,300,72,73
EN,191,308,53,124,125
EN,192,308,299,304,124
EN,193,308,124,53,72
EN,194,266,309,307,310
EN,195,279,294,280,67
EN,196,285,286,250,247
EN,197,285,169,16,14
EN,198,279,251,294,13
EN,199,265,176,306,179
EN,200,286,16,121,8
EN,201,246,247,172,173
EN,202,247,251,296,286
EN,203,253,220,243,256
EN,204,253,255,254,243
EN,205,284,256,186,254
EN,206,290,284,256,186
EN,207,295,311,302,289
EN,208,186,256,189,254
EN,209,253,189,254,188
EN,210,254,185,255,188
EN,211,254,284,185,186
EN,212,281,82,41,221
EN,213,276,22,21,98
EN,214,276,278,298,237
EN,215,277,100,18,22
EN,216,268,149,277,237
EN,217,277,18,66,27
EN,218,66,277,99,100
EN,219,288,237,98,97
EN,220,288,48,278,235
EN,221,288,238,242,237
EN,222,278,298,234,236
EN,223,288,235,242,232
EN,224,242,233,238,232
EN,225,195,190,287,225
EN,226,234,233,201,239
EN,227,312,244,228,303
EN,228,312,226,287,295
EN,229,312,165,227,228
EN,230,312,295,227,226
EN,231,312,196,227,165
EN,232,281,260,83,82
EN,233,281,260,243,83
EN,234,281,282,260,273
EN,235,282,223,243,219
EN,236,223,281,222,282
EN,237,41,83,281,42
EN,238,281,222,282,221
EN,239,282,218,273,221
EN,240,282,255,218,219
EN,241,269,239,202,200
EN,242,268,31,277,149
EN,243,200,269,30,202
EN,244,242,298,237,239
EN,245,277,237,99,276
EN,246,268,298,239,237
EN,247,29,31,22,276
EN,248,308,300,267,304
EN,249,308,313,305,267
EN,250,308,124,304,305
EN,251,313,54,77,125
EN,252,308,305,125,124
EN,253,308,77,313,74
EN,254,108,262,107,131
EN,255,262,136,131,108
EN,256,310,55,127,79
EN,257,262,131,130,107
EN,258,262,261,132,136
EN,259,262,263,127,132
EN,260,262,127,297,130
EN,261,283,259,136,137
EN,262,259,261,136,133
EN,263,138,283,137,259
EN,264,259,284,134,138
EN,265,259,260,133,134
EN,266,284,255,260,243
EN,267,283,255,185,184
EN,268,283,259,255,261
EN,269,283,259,284,255
EN,270,244,166,198,197
EN,271,241,201,239,245
EN,272,241,233,244,238
EN,273,241,240,194,199
EN,274,244,311,194,240
EN,275,312,244,303,311
EN,276,314,140,290,293
EN,277,314,292,89,293
EN,278,314,84,292,243
EN,279,314,292,84,89
EN,280,314,284,135,134
EN,281,289,142,141,145
EN,282,314,87,135,60
EN,283,308,299,124,72
EN,284,252,299,300,69
EN,285,299,300,69,72
EN,286,224,223,292,84
EN,287,71,250,252,299
EN,288,299,250,119,71
EN,289,299,250,120,119
EN,290,299,300,304,249
EN,291,300,249,209,306
EN,292,300,267,306,209
EN,293,215,38,75,76
EN,294,73,208,213,300
EN,295,299,249,304,250
EN,296,308,267,73,74
EN,297,213,300,209,267
EN,298,300,306,304,249
EN,299,308,299,72,300
EN,300,207,251,279,204
EN,301,286,280,119,250
EN,302,285,14,247,169
EN,303,279,294,67,13
EN,304,280,71,250,252
EN,305,280,250,71,119
EN,306,286,251,296,13
EN,307,294,118,70,7
EN,308,279,294,251,280
EN,309,282,255,219,243
EN,310,314,290,292,293
EN,311,275,290,140,293
EN,312,314,284,243,292
EN,313,275,290,287,191
EN,314,290,256,191,186
EN,315,313,301,125,305
EN,316,313,266,75,310
EN,317,128,305,129,176
EN,318,305,129,176,301
EN,319,313,301,126,125
EN,320,129,297,177,301
EN,321,312,244,197,228
EN,322,37,74,214,75
EN,323,227,226,164,196
EN,324,301,310,126,297
EN,325,258,85,80,57
EN,326,147,268,240,148
EN,327,258,263,262,132
EN,328,264,261,263,273
EN,329,133,260,261,258
EN,330,258,261,133,132
EN,331,270,217,273,218
EN,332,263,310,127,79
EN,333,262,261,272,263
EN,334,262,263,297,127
EN,335,292,220,243,223
EN,336,292,256,220,225
EN,337,290,292,293,287
EN,338,268,150,151,149
EN,339,291,292,293,89
EN,340,218,255,273,270
EN,341,282,255,260,273
EN,342,312,165,197,196
EN,343,270,272,271,217
EN,344,236,49,278,21
EN,345,271,82,81,264
EN,346,281,222,221,41
EN,347,290,292,287,256
EN,348,287,256,190,191
EN,349,190,287,225,256
EN,350,291,293,287,295
EN,351,312,196,287,226
EN,352,199,116,147,115
EN,353,148,150,147,268
EN,354,81,40,271,39
EN,355,302,311,257,143
EN,356,240,238,257,237
EN,357,268,150,147,245
EN,358,254,185,284,255
EN,359,312,197,193,196
EN,360,261,263,273,272
EN,361,259,255,261,260
EN,362,276,268,237,298
EN,363,292,284,256,290
EN,364,138,290,186,284
EN,365,255,261,260,273
EN,366,263,76,307,310
EN,367,86,58,85,258
EN,368,259,137,133,136
EN,369,274,255,273,261
EN,370,248,304,120,123
EN,371,299,250,304,120
EN,372,308,313,125,305
EN,373,248,304,306,249
EN,374,248,120,304,250
EN,375,248,250,122,120
EN,376,257,96,64,148
EN,377,289,145,311,142
EN,378,312,244,194,197
EN,379,303,295,230,227
EN,380,312,311,303,295
EN,381,302,257,92,95
EN,382,230,303,91,295
EN,383,257,96,95,64
EN,384,302,95,63,143
EN,385,118,15,8,7
EN,386,302,311,303,257
EN,387,268,240,237,239
EN,388,241,244,233,198
EN,389,269,202,298,30
EN,390,234,30,298,202
EN,391,239,234,202,201
EN,392,242,239,237,238
EN,393,303,257,240,238
EN,394,241,244,240,238
EN,395,309,297,177,178
EN,396,313,267,301,305
EN,397,265,309,177,180
EN,398,309,180,211,157
EN,399,266,267,214,210
EN,400,265,305,301,267
EN,401,265,301,177,309
EN,402,266,301,309,310
EN,403,252,71,299,69
EN,404,252,299,250,249
EN,405,299,120,52,51
EN,406,252,251,250,280
EN,407,122,285,171,102
EN,408,280,70,119,71
EN,409,299,52,120,124
EN,410,303,295,311,302
EN,411,296,13,12,11
EN,412,240,148,257,143
EN,413,232,231,238,92
EN,414,257,237,96,148
EN,415,257,237,97,96
EN,416,305,128,124,123
EN,417,254,188,189,185
EN,418,312,193,289,196
EN,419,303,257,238,92
EN,420,290,287,191,256
EN,421,314,243,87,84
EN,422,291,292,287,293
EN,423,313,126,54,125
EN,424,291,293,295,90
EN,425,302,295,293,94
EN,426,293,94,295,90
EN,427,207,35,34,69
EN,428,293,140,93,88
EN,429,309,272,307,297
EN,430,271,272,307,212
EN,431,271,263,307,272
EN,432,48,278,98,288
EN,433,271,273,263,272
EN,434,263,310,79,76
EN,435,307,310,76,75
EN,436,223,42,222,281
EN,437,260,86,134,87
EN,438,313,266,267,74
EN,439,265,266,267,301
EN,440,313,310,75,78
EN,441,304,306,267,305
EN,442,308,299,300,304
EN,443,33,12,5,1
EN,444,266,214,307,211
EN,445,207,300,208,69
EN,446,252,69,300,207
EN,447,300,209,249,208
EN,448,248,305,123,175
EN,449,265,211,156,210
EN,450,306,176,305,175
EN,451,306,179,155,210
EN,452,246,205,249,174
EN,453,300,267,304,306
EN,454,306,179,174,155
EN,455,265,156,179,210
EN,456,309,307,272,212
EN,457,266,310,307,75
EN,458,263,307,297,310
EN,459,310,126,55,78
EN,460,215,214,307,75
EN,461,301,305,129,125
EN,462,265,306,176,305
EN,463,313,54,126,78
EN,464,308,304,267,305
EN,465,313,266,301,267
EN,466,42,223,43,84
EN,467,20,32,117,151
EN,468,267,210,306,209
EN,469,291,45,44,90
EN,470,167,233,201,234
EN,471,262,178,272,183
EN,472,309,212,157,211
EN,473,265,156,211,180
EN,474,301,309,297,177
EN,475,309,307,212,211
EN,476,291,44,89,90
EN,477,2,7,6,50
EN,478,290,135,139,140
EN,479,282,260,255,243
EN,480,259,284,255,260
EN,481,226,225,163,195
EN,482,153,204,152,172
EN,483,246,153,204,205
EN,484,12,296,203,206
EN,485,285,169,170,101
EN,486,296,169,10,172
EN,487,269,151,117,32
EN,488,245,269,117,200
EN,489,20,151,28,32
EN,490,103,102,122,171
EN,491,103,175,123,104
EN,492,313,301,310,126
EN,493,175,176,128,104
EN,494,306,209,210,155
EN,495,265,180,179,156
EN,496,262,272,178,297
EN,497,132,56,80,127
EN,498,294,6,13,15
EN,499,262,183,107,178
EN,500,283,109,184,185
EN,501,110,185,283,138
EN,502,151,32,31,28
EN,503,313,77,54,78
EN,504,129,105,176,177
EN,505,129,177,130,106
EN,506,309,178,177,181
EN,507,289,192,193,145
EN,508,192,145,113,193
EN,509,184,136,283,274
EN,510,91,46,231,230
EN,511,96,65,64,148
EN,512,238,97,232,92
EN,513,245,269,151,117
EN,514,242,232,235,233
EN,515,97,232,47,48
EN,516,288,232,48,235
EN,517,21,24,29,236
EN,518,21,17,236,49
EN,519,302,289,141,293
EN,520,302,142,63,94
EN,521,237,97,96,99
EN,522,257,143,148,64
EN,523,56,79,127,55
EN,524,291,44,224,89
EN,525,42,83,281,223
EN,526,302,257,95,143
EN,527,291,225,229,226
EN,528,303,228,227,231
EN,529,275,290,293,287
EN,530,303,231,238,228
EN,531,312,303,228,227
EN,532,65,148,99,149
EN,533,25,269,117,32
EN,534,245,200,117,116
EN,535,151,28,31,149
EN,536,279,13,5,12
EN,537,11,10,152,296
EN,538,296,14,13,11
EN,539,169,9,14,10
EN,540,255,188,218,219
EN,541,169,14,9,16
EN,542,271,215,76,39
EN,543,302,295,94,91
EN,544,270,274,255,273
EN,545,91,90,45,230
EN,546,146,145,311,193
EN,547,293,90,93,94
EN,548,312,226,227,196
EN,549,282,218,255,273
EN,550,231,92,232,47
EN,551,296,204,206,279
EN,552,208,69,35,207
EN,553,246,252,207,251
EN,554,286,250,251,280
EN,555,41,82,40,221
EN,556,158,159,217,182
EN,557,271,215,307,76
EN,558,244,303,240,238
EN,559,312,303,227,295
EN,560,309,157,212,181
EN,561,162,225,190,163
EN,562,271,212,215,216
EN,563,272,182,212,217
EN,564,270,217,218,159
EN,565,276,277,268,31
EN,566,244,303,238,228
EN,567,278,49,235,48
EN,568,237,98,97,99
EN,569,238,231,232,228
EN,570,288,48,97,98
EN,571,264,85,82,81
EN,572,218,219,188,160
EN,573,274,261,273,272
EN,574,282,221,222,218
EN,575,224,43,223,84
EN,576,13,296,12,279
EN,577,36,213,74,73
EN,578,236,234,24,29
EN,579,296,10,152,172
EN,580,207,246,204,205
EN,581,246,252,250,249
EN,582,302,91,95,92
EN,583,302,289,311,142
EN,584,172,152,296,204
EN,585,279,67,68,33
EN,586,279,33,5,67
EN,587,279,252,34,68
EN,588,5,33,279,12
EN,589,278,236,21,29
EN,590,240,257,148,237
EN,591,287,196,192,195
EN,592,147,146,240,194
EN,593,302,91,94,95
EN,594,197,166,165,228
EN,595,312,244,311,194
EN,596,249,207,208,205
EN,597,73,69,35,208
EN,598,208,213,300,209
EN,599,244,197,228,166
EN,600,247,173,170,172
EN,601,265,266,301,309
EN,602,205,154,209,174
EN,603,301,177,129,176
EN,604,301,125,129,126
EN,605,37,213,214,74
EN,606,312,311,289,193
EN,607,298,30,29,31
EN,608,267,209,213,210
EN,609,306,155,174,209
EN,610,285,248,250,122
EN,611,266,211,210,214
EN,612,265,179,180,176
EN,613,209,174,154,155
EN,614,299,120,304,124
EN,615,265,179,306,210
EN,616,248,174,175,171
EN,617,276,98,99,100
EN,618,214,75,215,38
EN,619,266,214,74,75
EN,620,36,73,35,208
EN,621,312,289,295,287
EN,622,309,180,181,177
EN,623,272,181,212,182
EN,624,272,182,178,181
EN,625,273,217,221,218
EN,626,314,293,88,140
EN,627,274,187,188,184
EN,628,309,212,272,181
EN,629,138,110,137,283
EN,630,260,243,83,87
EN,631,255,219,243,253
EN,632,190,186,256,189
EN,633,256,190,162,225
EN,634,292,223,224,220
EN,635,256,189,162,190
EN,636,289,287,196,192
EN,637,219,160,161,188
EN,638,224,89,44,43
EN,639,312,289,287,196
EN,640,291,229,230,226
EN,641,311,240,303,257
EN,642,293,93,90,89
EN,643,295,230,227,226
EN,644,291,225,224,229
EN,645,275,289,145,192
EN,646,91,92,231,46
EN,647,150,268,151,245
EN,648,234,201,168,202
EN,649,311,146,193,194
EN,650,226,195,163,164
EN,651,243,84,83,87
EN,652,240,194,199,147
EN,653,311,146,240,143
EN,654,167,234,201,168
EN,655,234,298,29,236
EN,656,233,242,239,234
EN,657,29,30,298,234
EN,658,202,23,234,30
EN,659,278,298,236,29
EN,660,178,130,106,107
EN,661,49,278,21,98
EN,662,244,233,198,166
EN,663,288,278,242,235
EN,664,239,233,201,241
EN,665,257,97,238,92
EN,666,29,234,24,23
EN,667,288,238,97,232
EN,668,234,202,168,23
EN,669,307,212,211,215
EN,670,271,216,221,217
EN,671,274,183,182,187
EN,672,274,187,184,183
EN,673,82,271,40,221
EN,674,158,182,212,181
EN,675,270,272,217,182
EN,676,108,184,183,136
EN,677,231,238,92,303
EN,678,262,130,131,127
EN,679,281,221,273,82
EN,680,262,178,107,130
EN,681,284,290,135,138
EN,682,314,243,260,87
EN,683,194,115,147,146
EN,684,283,136,184,109
EN,685,259,284,260,134
EN,686,198,233,167,166
EN,687,193,114,194,146
EN,688,231,230,303,91
EN,689,193,146,145,114
EN,690,283,284,138,185
EN,691,268,31,269,298
EN,692,113,145,114,193
EN,693,287,192,191,195
EN,694,265,301,305,176
EN,695,194,199,147,115
EN,696,303,231,227,230
EN,697,168,202,19,23
EN,698,298,239,234,202
EN,699,268,148,150,149
EN,700,202,200,26,30
EN,701,202,19,23,26
EN,702,246,172,247,204
EN,703,246,154,153,205
EN,704,267,213,73,74
EN,705,267,210,213,214
EN,706,246,250,247,248
EN,707,314,260,134,87
EN,708,296,286,14,247
EN,709,249,174,205,209
EN,710,296,203,152,11
EN,711,246,174,173,154
EN,712,305,175,176,128
EN,713,248,174,171,173
EN,714,237,99,96,148
EN,715,307,215,75,76
EN,716,249,209,306,174
EN,717,247,170,173,171
EN,718,300,249,207,208
EN,719,4,11,10,152
EN,720,139,138,290,186
EN,721,284,185,186,138
EN,722,292,224,225,220
EN,723,254,243,284,256
EN,724,253,243,220,219
EN,725,253,255,219,188
EN,726,292,243,220,256
EN,727,281,243,223,83
EN,728,254,189,186,185
EN,729,225,195,190,163
EN,730,279,207,206,34
EN,731,169,16,9,101
EN,732,258,80,264,263
EN,733,253,256,189,220
EN,734,299,51,119,120
EN,735,179,156,155,210
EN,736,159,218,270,160
EN,737,259,137,134,133
EN,738,309,181,272,178
EN,739,253,220,189,161
EN,740,109,185,283,110
EN,741,314,284,260,243
EN,742,291,89,293,90
EN,743,286,294,251,13
EN,744,285,102,122,121
EN,745,296,14,11,10
EN,746,286,13,14,15
EN,747,9,101,16,3
EN,748,285,101,102,121
EN,749,248,122,103,123
EN,750,251,247,296,204
EN,751,314,284,290,135
EN,752,313,266,74,75
EN,753,242,234,233,235
EN,754,279,280,252,68
EN,755,71,299,51,119
EN,756,305,123,175,128
EN,757,313,310,78,126
EN,758,314,290,284,292
EN,759,130,129,297,177
EN,760,300,73,267,213
EN,761,177,178,130,106
EN,762,248,175,103,171
EN,763,309,178,272,297
EN,764,301,129,297,126
EN,765,175,123,104,128
EN,766,272,183,178,182
EN,767,260,86,133,134
EN,768,271,263,81,76
EN,769,297,130,177,178
EN,770,160,218,270,188
EN,771,185,138,110,186
EN,772,275,289,287,293
EN,773,295,91,230,90
EN,774,266,309,211,307
EN,775,276,29,21,22
EN,776,214,307,75,266
EN,777,274,183,262,272
EN,778,220,189,161,162
EN,779,275,144,141,140
EN,780,290,139,186,191
EN,781,256,220,225,162
EN,782,291,90,295,230
EN,783,191,111,112,139
EN,784,167,233,198,201
EN,785,226,164,196,195
EN,786,243,219,223,220
EN,787,312,197,194,193
EN,788,183,136,262,108
EN,789,302,289,293,295
EN,790,287,226,195,225
EN,791,244,238,233,228
EN,792,256,190,191,186
EN,793,265,210,266,211
EN,794,213,267,214,74
EN,795,240,147,143,146
EN,796,293,141,94,93
EN,797,245,268,240,147
EN,798,269,151,32,31
EN,799,149,66,277,99
EN,800,245,199,200,116
EN,801,200,25,269,117
EN,802,20,32,25,117
EN,803,101,8,121,16
EN,804,36,73,208,213
EN,805,36,37,74,213
EN,806,249,208,209,205
EN,807,304,120,123,124
EN,808,95,143,64,63
EN,809,286,118,121,119
EN,810,275,191,192,112
EN,811,285,16,101,121
EN,812,118,50,119,70
EN,813,286,8,118,15
EN,814,286,280,294,70
EN,815,58,133,258,86
EN,816,258,57,80,132
EN,817,136,184,183,274
EN,818,58,133,86,134
EN,819,132,80,56,57
EN,820,58,134,86,59
EN,821,302,143,63,142
EN,822,267,214,74,266
EN,823,240,143,147,148
EN,824,63,94,142,62
EN,825,265,267,210,306
EN,826,311,142,146,143
EN,827,310,126,127,55
EN,828,265,267,306,305
EN,829,263,79,127,80
EN,830,56,80,127,79
EN,831,271,263,76,307
EN,832,313,301,266,310
EN,833,262,130,297,178
EN,834,263,127,132,80
EN,835,184,108,109,136
EN,836,183,108,262,107
EN,837,188,160,187,270
EN,838,261,262,274,136
EN,839,275,139,290,191
EN,840,309,307,310,297
EN,841,258,132,133,57
EN,842,289,287,293,295
EN,843,269,32,30,31
EN,844,111,186,138,139
EN,845,314,135,140,60
EN,846,191,139,186,111
EN,847,292,287,256,225
EN,848,314,284,134,260
EN,849,263,310,297,127
EN,850,146,240,194,311
EN,851,292,224,84,89
EN,852,256,220,162,189
EN,853,255,185,184,188
EN,854,242,298,239,234
EN,855,268,151,31,149
EN,856,248,304,249,250
EN,857,286,8,15,16
EN,858,202,23,30,26
EN,859,304,305,124,123
EN,860,6,50,7,70
EN,861,257,95,96,92
EN,862,244,197,198,194
EN,863,244,303,311,240
EN,864,279,68,34,33
EN,865,285,119,121,122
EN,866,297,129,130,126
EN,867,306,175,174,179
EN,868,279,204,206,207
EN,869,176,105,128,104
EN,870,311,143,240,257
EN,871,271,217,212,216
EN,872,265,211,266,309
EN,873,312,311,193,194
EN,874,248,123,120,122
EN,875,302,311,143,142
EN,876,301,309,310,297
EN,877,308,125,313,77
EN,878,265,309,180,211
EN,879,118,70,7,50
EN,880,310,297,127,126
EN,881,16,3,101,8
EN,882,248,306,175,174
EN,883,299,124,72,52
EN,884,248,175,306,305
EN,885,119,70,50,51
EN,886,308,125,77,53
EN,887,280,70,68,67
EN,888,305,128,125,124
EN,889,129,106,105,177
EN,890,310,78,55,79
EN,891,277,22,27,31
EN,892,252,68,69,34
EN,893,299,71,72,69
EN,894,306,175,179,176
EN,895,285,171,102,170
EN,896,299,71,52,72
EN,897,259,137,138,134
EN,898,81,82,271,40
EN,899,309,157,181,180
EN,900,82,273,271,221
EN,901,231,47,46,92
EN,902,254,284,243,255
EN,903,307,215,211,214
EN,904,286,14,16,15
EN,905,300,69,72,73
EN,906,265,176,180,177
EN,907,312,289,311,295
EN,908,275,144,140,139
EN,909,134,135,87,59
EN,910,262,136,132,131
EN,911,282,219,222,223
EN,912,110,186,138,111
EN,913,258,263,132,80
EN,914,260,87,83,86
EN,915,260,83,82,86
EN,916,314,293,89,88
EN,917,135,59,60,87
EN,918,314,84,87,88
EN,919,291,224,292,89
EN,920,140,141,93,61
EN,921,293,140,141,93
EN,922,314,60,88,87
EN,923,284,138,135,134
EN,924,275,139,191,112
EN,925,275,287,192,191
EN,926,65,149,99,66
EN,927,145,311,193,289
EN,928,293,89,88,93
EN,929,311,146,142,145
EN,930,302,94,141,142
EN,931,289,192,196,193
EN,932,278,242,298,237
EN,933,223,292,84,243
EN,934,141,93,61,62
EN,935,257,92,96,97
EN,936,239,201,202,200
EN,937,114,115,194,146
EN,938,241,198,201,199
EN,939,245,150,147,116
EN,940,49,48,278,98
EN,941,276,31,268,298
EN,942,237,148,149,99
EN,943,97,47,232,92
EN,944,28,27,31,149
EN,945,227,196,164,165
EN,946,294,118,7,15
EN,947,299,71,51,52
EN,948,119,71,70,51
EN,949,308,267,300,73
EN,950,129,128,176,105
EN,951,124,72,52,53
EN,952,312,228,197,165
EN,953,91,230,45,46
EN,954,241,198,199,194
EN,955,238,239,240,241
EN,956,275,289,293,141
EN,957,303,91,92,231
EN,958,262,263,272,297
EN,959,280,71,68,70
EN,960,275,287,289,192
EN,961,263,307,272,297
EN,962,277,66,149,27
EN,963,302,293,141,94
EN,964,294,7,6,15
EN,965,286,70,118,119
EN,966,247,170,169,172
EN,967,264,261,273,260
EN,968,261,133,132,136
EN,969,314,87,134,135
EN,970,314,290,140,135
EN,971,140,61,93,88
EN,972,279,280,68,67
EN,973,170,171,247,285
EN,974,285,286,16,121
EN,975,282,243,223,281
EN,976,294,67,6,70
EN,977,30,200,26,25
EN,978,258,260,86,133
EN,979,281,83,41,82
EN,980,224,84,89,43
EN,981,295,91,90,94
EN,982,264,82,85,86
EN,983,263,76,80,81
EN,984,287,191,190,195
EN,985,264,80,85,81
EN,986,253,188,161,189
EN,987,185,284,255,283
EN,988,271,39,76,81
EN,989,134,86,59,87
EN,990,290,135,138,139
EN,991,279,67,5,13
EN,992,308,73,72,77
EN,993,69,300,208,73
EN,994,308,74,313,267
EN,995,252,68,71,69
EN,996,308,77,74,73
EN,997,250,122,120,119
EN,998,313,78,74,77
EN,999,54,77,125,53
EN,1000,54,126,78,55
EN,1001,211,157,180,156
EN,1002,42,84,83,223
EN,1003,263,80,76,79
EN,1004,310,76,75,79
EN,1005,308,72,53,77
EN,1006,313,78,75,74
EN,1007,310,75,78,79
EN,1008,60,140,88,61
EN,1009,262,131,132,127
EN,1010,291,287,226,295
EN,1011,314,88,60,140
EN,1012,141,62,142,94
EN,1013,243,292,284,256
EN,1014,314,88,89,84
EN,1015,285,169,247,170
EN,1016,270,159,187,182
EN,1017,291,45,90,230
EN,1018,141,94,93,62
EN,1019,238,228,232,233
EN,1020,277,100,66,18
EN,1021,282,222,219,218
EN,1022,305,128,129,125
EN,1023,278,236,234,235
EN,1024,21,236,17,24
EN,1025,276,98,100,22
EN,1026,276,298,29,31
EN,1027,277,31,27,149
EN,1028,277,27,22,18
EN,1029,244,166,228,233
EN,1030,30,23,234,29
EN,1031,149,237,99,277
EN,1032,31,22,276,277
SHPP,ON
CHECK
D,1,UX,0
D,1,UY,0
D,1,UZ,0
D,2,UX,0
D,2,UY,0
D,2,UZ,0
D,3,UX,0
D,3,UY,0
D,3,UZ,0
D,4,UX,0
D,4,UY,0
D,4,UZ,0
D,5,UX,0
D,5,UY,0
D,5,UZ,0
D,6,UX,0
D,6,UY,0
D,6,UZ,0
D,7,UX,0
D,7,UY,0
D,7,UZ,0
D,8,UX,0
D,8,UY,0
D,8,UZ,0
D,9,UX,0
D,9,UY,0
D,9,UZ,0
D,10,UX,0
D,10,UY,0
D,10,UZ,0
D,11,UX,0
D,11,UY,0
D,11,UZ,0
D,12,UX,0
D,12,UY,0
D,12,UZ,0
D,13,UX,0
D,13,UY,0
D,13,UZ,0
D,14,UX,0
D,14,UY,0
D,14,UZ,0
D,15,UX,0
D,15,UY,0
D,15,UZ,0
D,16,UX,0
D,16,UY,0
D,16,UZ,0
F,19,FZ,-166.66667
F,20,FZ,-166.66667
F,25,FZ,-333.33333
F,26,FZ,-333.33333
/GOPR
FINISH
